year month birth  
   01  1  5734
   01  2  5546
   01  3  6760
   01  4  6469
   01  5  6465
   01  6  6129
   01  7  6131
   01  8  6270
   01  9  6195
   01 10  5926
   01 11  5726
   01 12  5868
   02  1  6014
   02  2  5724
   02  3  6462
   02  4  6199
   02  5  6225
   02  6  5897
   02  7  6013
   02  8  6210
   02  9  6287
   02 10  6000
   02 11  5911
   02 12  5897
   03  1  6175
   03  2  5125
   03  3  6536
   03  4  6405
   03  5  6612
   03  6  5984
   03  7  5865
   03  8  6060
   03  9  6020
   03 10  5876
   03 11  5368
   03 12  5695
   04  1  6110
   04  2  6154
   04  3  6778
   04  4  6305
   04  5  6332
   04  6  6055
   04  7  6050
   04  8  6375
   04  9  6070
   04 10  5908
   04 11  5610
   04 12  5945
   05  1  6250
   05  2  5873
   05  3  6599
   05  4  6610
   05  5  6443
   05  6  5999
   05  7  5947
   05  8  6190
   05  9  6112
   05 10  5912
   05 11  5469
   05 12  5678
   06  1  6025
   06  2  5874
   06  3  6687
   06  4  6388
   06  5  6356
   06  6  6060
   06  7  6142
   06  8  6371
   06  9  6344
   06 10  6081
   06 11  5874
   06 12  6004
   07  1  6195
   07  2  5900
   07  3  6791
   07  4  6365
   07  5  6463
   07  6  6113
   07  7  6217
   07  8  6248
   07  9  6359
   07 10  6094
   07 11  5796
   07 12  5783
   08  1  6282
   08  2  6243
   08  3  6760
   08  4  6858
   08  5  6791
   08  6  6537
   08  7  6296
   08  8  6443
   08  9  6274
   08 10  6189
   08 11  5631
   08 12  5929
   09  1  6243
   09  2  6069
   09  3  7156
   09  4  6589
   09  5  6602
   09  6  6172
   09  7  6265
   09  8  6493
   09  9  6390
   09 10  6301
   09 11  5921
   09 12  6100
   10  1  6424
   10  2  5881
   10  3  6856
   10  4  6597
   10  5  6579
   10  6  6109
   10  7  6273
   10  8  6361
   10  9  6219
   10 10  6033
   10 11  5797
   10 12  6170
   11  1  6210
   11  2  5995
   11  3  6627
   11  4  6311
   11  5  6431
   11  6  5970
   11  7  6212
   11  8  6186
   11  9  6168
   11 10  6053
   11 11  5781
   11 12  5989
   12  1  6406
   12  2  6074
   12  3  6691
   12  4  6511
   12  5  6324
   12  6  6015
   12  7  6291
   12  8  6151
   12  9  6175
   12 10  6135
   12 11  5807
   12 12  6079
   13  1  6114
   13  2  5843
   13  3  6506
   13  4  6521
   13  5  6410
   13  6  5933
   13  7  5927
   13  8  6205
   13  9  5857
   13 10  5671
   13 11  5467
   13 12  6021
   14  1  6327
   14  2  5921
   14  3  6717
   14  4  6441
   14  5  6437
   14  6  5881
   14  7  6119
   14  8  6037
   14  9  5951
   14 10  5950
   14 11  5621
   14 12  5892
   15  1  6308
   15  2  5937
   15  3  6715
   15  4  6036
   15  5  5757
   15  6  5773
   15  7  5599
   15  8  5836
   15  9  5671
   15 10  5640
   15 11  5225
   15 12  5682
   16  1  5837
   16  2  5959
   16  3  6588
   16  4  6541
   16  5  6355
   16  6  5872
   16  7  5896
   16  8  5860
   16  9  5874
   16 10  5608
   16 11  5496
   16 12  5673
   17  1  5890
   17  2  5482
   17  3  6498
   17  4  6426
   17  5  6279
   17  6  5715
   17  7  5842
   17  8  5840
   17  9  5858
   17 10  5735
   17 11  5292
   17 12  5449
   18  1  5912
   18  2  5831
   18  3  6657
   18  4  6468
   18  5  6225
   18  6  5800
   18  7  6027
   18  8  6022
   18  9  6109
   18 10  6020
   18 11  5572
   18 12  5862
   19  1  5727
   19  2  5423
   19  3  5983
   19  4  5692
   19  5  5672
   19  6  5296
   19  7  5326
   19  8  5335
   19  9  5496
   19 10  5864
   19 11  6349
   19 12  6559
   20  1  7053
   20  2  7135
   20  3  7610
   20  4  7089
   20  5  7055
   20  6  6302
   20  7  6255
   20  8  6250
   20  9  6170
   20 10  5928
   20 11  5460
   20 12  5923
   21  1  6606
   21  2  6431
   21  3  7356
   21  4  7061
   21  5  7098
   21  6  6352
   21  7  6520
   21  8  6416
   21  9  6336
   21 10  6131
   21 11  6118
   21 12  6458
   22  1  6637
   22  2  6411
   22  3  6774
   22  4  6652
   22  5  6578
   22  6  6145
   22  7  6181
   22  8  6236
   22  9  5868
   22 10  5369
   22 11  5273
   22 12  5775
   23  1  6365
   23  2  6137
   23  3  7056
   23  4  6674
   23  5  6668
   23  6  6208
   23  7  6336
   23  8  6127
   23  9  6118
   23 10  5794
   23 11  5618
   23 12  5726
   24  1  5967
   24  2  5982
   24  3  6880
   24  4  6567
   24  5  6650
   24  6  6244
   24  7  6060
   24  8  6136
   24  9  6046
   24 10  5952
   24 11  5586
   24 12  5766
   25  1  5858
   25  2  5819
   25  3  6643
   25  4  6405
   25  5  6715
   25  6  5954
   25  7  6088
   25  8  5913
   25  9  5718
   25 10  5600
   25 11  5429
   25 12  5755
   26  1  6117
   26  2  5804
   26  3  6460
   26  4  6219
   26  5  6233
   26  6  5917
   26  7  5809
   26  8  6015
   26  9  5711
   26 10  5480
   26 11  5334
   26 12  5635
   27  1  5989
   27  2  5573
   27  3  6326
   27  4  6022
   27  5  6130
   27  6  5840
   27  7  5796
   27  8  5690
   27  9  5501
   27 10  4829
   27 11  4916
   27 12  5412
   28  1  5800
   28  2  5530
   28  3  6385
   28  4  6182
   28  5  6058
   28  6  5612
   28  7  5610
   28  8  5714
   28  9  5430
   28 10  5472
   28 11  5311
   28 12  5412
   29  1  5653
   29  2  5524
   29  3  5973
   29  4  5857
   29  5  5810
   29  6  5564
   29  7  5471
   29  8  5397
   29  9  5375
   29 10  4914
   29 11  4670
   29 12  5089
   30  1  5211
   30  2  5362
   30  3  6102
   30  4  6004
   30  5  6005
   30  6  5602
   30  7  5458
   30  8  5653
   30  9  5172
   30 10  5279
   30 11  5242
   30 12  5213
   31  1  5477
   31  2  5233
   31  3  6171
   31  4  5674
   31  5  5814
   31  6  5161
   31  7  5446
   31  8  5499
   31  9  5198
   31 10  4995
   31 11  4689
   31 12  4909
   32  1  5252
   32  2  5521
   32  3  6170
   32  4  5714
   32  5  5763
   32  6  5419
   32  7  5474
   32  8  5343
   32  9  5364
   32 10  5054
   32 11  4639
   32 12  4937
   33  1  5166
   33  2  5060
   33  3  5893
   33  4  5554
   33  5  5524
   33  6  5029
   33  7  5282
   33  8  5291
   33  9  5273
   33 10  5039
   33 11  4700
   33 12  4969
   34  1  5478
   34  2  5287
   34  3  6114
   34  4  5623
   34  5  5718
   34  6  5494
   34  7  5347
   34  8  5385
   34  9  5188
   34 10  5138
   34 11  5096
   34 12  5264
   35  1  5503
   35  2  5472
   35  3  6191
   35  4  5885
   35  5  5723
   35  6  5427
   35  7  5443
   35  8  5485
   35  9  5195
   35 10  5143
   35 11  4837
   35 12  4919
   36  1  5213
   36  2  5474
   36  3  6231
   36  4  5873
   36  5  6140
   36  6  5559
   36  7  5491
   36  8  5579
   36  9  5572
   36 10  5178
   36 11  5057
   36 12  5111
   37  1  5349
   37  2  5279
   37  3  6206
   37  4  6231
   37  5  6258
   37  6  5652
   37  7  5858
   37  8  5537
   37  9  5185
   37 10  5094
   37 11  5187
   37 12  5604
   38  1  5681
   38  2  5588
   38  3  6428
   38  4  6094
   38  5  6220
   38  6  5613
   38  7  5644
   38  8  5696
   38  9  5573
   38 10  5260
   38 11  5204
   38 12  5461
   39  1  5554
   39  2  5210
   39  3  6279
   39  4  6177
   39  5  6153
   39  6  5669
   39  7  5762
   39  8  5521
   39  9  5563
   39 10  5444
   39 11  5165
   39 12  5417
   40  1  5847
   40  2  6093
   40  3  6556
   40  4  6290
   40  5  6151
   40  6  5560
   40  7  5842
   40  8  5898
   40  9  5741
   40 10  5587
   40 11  5381
   40 12  5175
   41  1  5320
   41  2  5602
   41  3  6520
   41  4  6334
   41  5  6465
   41  6  5909
   41  7  6166
   41  8  6103
   41  9  6003
   41 10  5842
   41 11  5525
   41 12  5517
   42  1  5886
   42  2  6108
   42  3  7139
   42  4  6958
   42  5  7232
   42  6  6727
   42  7  6730
   42  8  7016
   42  9  6844
   42 10  6435
   42 11  6126
   42 12  6344
   43  1  6573
   43  2  6414
   43  3  7535
   43  4  7580
   43  5  7609
   43  6  6736
   43  7  7258
   43  8  7170
   43  9  7050
   43 10  6790
   43 11  6544
   43 12  7060
   44  1  7426
   44  2  7293
   44  3  8292
   44  4  8065
   44  5  7859
   44  6  7342
   44  7  7582
   44  8  7674
   44  9  7530
   44 10  7117
   44 11  7108
   44 12  7353
   45  1  7848
   45  2  7518
   45  3  8734
   45  4  8539
   45  5  8551
   45  6  7610
   45  7  8019
   45  8  7952
   45  9  7800
   45 10  7602
   45 11  7291
   45 12  7598
   46  1  7841
   46  2  8125
   46  3  9349
   46  4  8725
   46  5  9086
   46  6  7997
   46  7  8054
   46  8  7658
   46  9  7681
   46 10  7557
   46 11  6955
   46 12  7083
   47  1  7801
   47  2  7664
   47  3  8877
   47  4  8459
   47  5  8670
   47  6  7738
   47  7  7643
   47  8  7466
   47  9  7173
   47 10  6908
   47 11  6512
   47 12  6803
   48  1  7217
   48  2  7113
   48  3  8083
   48  4  7653
   48  5  7685
   48  6  7019
   48  7  7181
   48  8  6784
   48  9  6819
   48 10  6562
   48 11  6324
   48 12  6498
   49  1  6765
   49  2  6514
   49  3  7499
   49  4  7285
   49  5  7124
   49  6  6746
   49  7  6561
   49  8  6556
   49  9  6388
   49 10  6276
   49 11  5999
   49 12  6206
   50  1  6750
   50  2  6494
   50  3  7692
   50  4  7266
   50  5  7234
   50  6  6620
   50  7  6523
   50  8  6324
   50  9  6322
   50 10  6214
   50 11  5965
   50 12  6154
   51  1  6504
   51  2  6408
   51  3  7245
   51  4  6861
   51  5  6934
   51  6  6389
   51  7  6185
   51  8  6045
   51  9  5854
   51 10  5849
   51 11  6179
   51 12  6106
   52  1  6254
   52  2  6259
   52  3  7071
   52  4  7070
   52  5  6722
   52  6  6161
   52  7  6256
   52  8  6062
   52  9  6298
   52 10  6331
   52 11  6171
   52 12  6288
   53  1  6634
   53  2  6346
   53  3  7449
   53  4  7237
   53  5  7028
   53  6  6543
   53  7  6449
   53  8  6369
   53  9  6297
   53 10  5989
   53 11  5621
   53 12  6299
   54  1  6357
   54  2  6266
   54  3  7126
   54  4  6707
   54  5  6891
   54  6  6436
   54  7  6276
   54  8  6079
   54  9  6349
   54 10  6106
   54 11  5832
   54 12  5940
   55  1  6200
   55  2  6178
   55  3  7151
   55  4  7048
   55  5  6783
   55  6  6423
   55  7  6412
   55  8  6271
   55  9  6177
   55 10  6273
   55 11  5755
   55 12  6174
   56  1  6211
   56  2  6268
   56  3  7218
   56  4  6909
   56  5  6841
   56  6  6113
   56  7  6487
   56  8  6484
   56  9  6137
   56 10  6080
   56 11  5940
   56 12  6037
   57  1  6301
   57  2  6008
   57  3  6831
   57  4  6685
   57  5  6729
   57  6  6451
   57  7  6116
   57  8  6160
   57  9  6219
   57 10  6114
   57 11  5661
   57 12  5989
   58  1  6198
   58  2  5857
   58  3  7027
   58  4  6869
   58  5  6706
   58  6  6394
   58  7  6005
   58  8  5584
   58  9  6001
   58 10  5984
   58 11  5789
   58 12  6267
   59  1  6092
   59  2  5880
   59  3  6988
   59  4  6544
   59  5  6455
   59  6  6105
   59  7  6196
   59  8  5982
   59  9  6174
   59 10  6033
   59 11  5645
   59 12  5834
   60  1  5787
   60  2  6240
   60  3  6947
   60  4  6677
   60  5  6807
   60  6  6367
   60  7  6503
   60  8  6307
   60  9  6417
   60 10  6206
   60 11  5880
   60 12  5939
   61  1  6197
   61  2  5946
   61  3  6947
   61  4  6665
   61  5  6698
   61  6  6254
   61  7  6400
   61  8  6376
   61  9  6415
   61 10  6244
   61 11  6036
   61 12  6261
   62  1  6291
   62  2  6304
   62  3  7150
   62  4  6950
   62  5  7016
   62  6  6577
   62  7  6525
   62  8  6533
   62  9  6460
   62 10  6066
   62 11  5893
   62 12  6043
   63  1  6442
   63  2  6155
   63  3  7684
   63  4  7362
   63  5  7353
   63  6  6938
   63  7  6897
   63  8  6873
   63  9  6959
   63 10  6848
   63 11  6499
   63 12  6403
   64  1  6673
   64  2  6779
   64  3  7603
   64  4  7467
   64  5  7092
   64  6  6847
   64  7  7032
   64  8  6789
   64  9  7027
   64 10  6802
   64 11  6379
   64 12  6866
   65  1  6871
   65  2  6555
   65  3  7641
   65  4  7648
   65  5  7374
   65  6  7229
   65  7  7363
   65  8  7258
   65  9  7217
   65 10  6942
   65 11  6754
   65 12  6944
   66  1  7044
   66  2  6704
   66  3  8017
   66  4  8022
   66  5  7778
   66  6  7223
   66  7  7517
   66  8  7402
   66  9  7442
   66 10  7489
   66 11  6875
   66 12  6819
   67  1  6955
   67  2  6664
   67  3  7631
   67  4  7473
   67  5  7350
   67  6  6758
   67  7  6890
   67  8  6651
   67  9  6535
   67 10  6462
   67 11  5928
   67 12  6113
   68  1  6075
   68  2  6101
   68  3  7043
   68  4  7036
   68  5  6801
   68  6  6300
   68  7  6076
   68  8  6081
   68  9  6012
   68 10  5841
   68 11  5564
   68 12  5613
   69  1  6033
   69  2  5515
   69  3  6621
   69  4  6476
   69  5  6431
   69  6  5996
   69  7  5977
   69  8  5861
   69  9  5934
   69 10  5808
   69 11  5347
   69 12  5299
   70  1  5499
   70  2  5303
   70  3  6418
   70  4  6570
   70  5  6330
   70  6  6079
   70  7  6073
   70  8  6045
   70  9  5846
   70 10  5454
   70 11  5576
   70 12  5609
   71  1  5817
   71  2  5604
   71  3  6715
   71  4  6802
   71  5  6925
   71  6  6382
   71  7  6368
   71  8  6460
   71  9  6436
   71 10  6011
   71 11  5967
   71 12  5872
   72  1  6088
   72  2  6148
   72  3  6890
   72  4  6967
   72  5  6963
   72  6  6631
   72  7  6405
   72  8  6398
   72  9  6135
   72 10  5764
   72 11  5492
   72 12  5624
   73  1  5936
   73  2  5717
   73  3  6729
   73  4  6375
   73  5  6501
   73  6  6195
   73  7  6157
   73  8  5938
   73  9  5903
   73 10  5524
   73 11  5449
   73 12  5471
   74  1  5932
   74  2  5436
   74  3  6648
   74  4  6376
   74  5  6393
   74  6  5751
   74  7  6082
   74  8  5947
   74  9  6261
   74 10  5761
   74 11  5442
   74 12  5298
   75  1  5902
   75  2  5870
   75  3  6477
   75  4  6664
   75  5  6365
   75  6  6115
   75  7  6385
   75  8  6063
   75  9  6001
   75 10  5633
   75 11  5222
   75 12  5374
   76  1  5376
   76  2  5522
   76  3  6221
   76  4  5852
   76  5  5839
   76  6  5760
   76  7  5613
   76  8  5381
   76  9  5346
   76 10  5166
   76 11  4598
   76 12  4593
   77  1  5053
   77  2  4889
   77  3  5748
   77  4  5412
   77  5  5589
   77  6  5321
   77  7  5232
   77  8  5254
   77  9  4960
   77 10  5050
   77 11  4766
   77 12  4604
   78  1  4944
   78  2  4695
   78  3  5670
   78  4  5635
   78  5  5964
   78  6  5413
   78  7  5470
   78  8  5264
   78  9  5155
   78 10  4936
   78 11  4482
   78 12  4408
   79  1  4747
   79  2  4643
   79  3  5550
   79  4  5521
   79  5  5445
   79  6  5274
   79  7  5032
   79  8  5037
   79  9  4842
   79 10  4796
   79 11  4359
   79 12  4218
   80  1  4738
   80  2  4590
   80  3  5233
   80  4  5345
   80  5  5190
   80  6  4919
   80  7  5076
   80  8  4805
   80  9  4685
   80 10  4461
   80 11  4124
   80 12  4127
   81  1  4200
   81  2  4087
   81  3  4595
   81  4  4765
   81  5  4745
   81  6  4725
   81  7  4790
   81  8  4545
   81  9  4616
   81 10  4155
   81 11  3870
   81 12  3996
   82  1  4368
   82  2  4067
   82  3  4732
   82  4  4640
   82  5  4876
   82  6  4600
   82  7  4606
   82  8  4405
   82  9  4334
   82 10  4239
   82 11  3878
   82 12  3913
   83  1  3863
   83  2  3864
   83  3  4597
   83  4  4577
   83  5  4363
   83  6  4521
   83  7  4474
   83  8  4493
   83  9  4342
   83 10  4188
   83 11  3816
   83 12  3724
   84  1  3974
   84  2  4009
   84  3  4653
   84  4  4570
   84  5  4623
   84  6  4490
   84  7  4545
   84  8  4546
   84  9  4340
   84 10  4247
   84 11  4027
   84 12  3776
   85  1  4060
   85  2  3952
   85  3  4662
   85  4  4929
   85  5  4834
   85  6  4604
   85  7  4826
   85  8  4754
   85  9  4631
   85 10  4422
   85 11  4037
   85 12  4038
   86  1  4080
   86  2  4301
   86  3  4751
   86  4  5030
   86  5  4926
   86  6  4692
   86  7  4993
   86  8  4721
   86  9  4892
   86 10  4533
   86 11  4124
   86 12  4269
   87  1  4367
   87  2  4058
   87  3  4940
   87  4  4998
   87  5  5000
   87  6  5112
   87  7  5100
   87  8  4927
   87  9  4660
   87 10  4438
   87 11  4279
   87 12  4342
   88  1  4500
   88  2  4471
   88  3  5201
   88  4  5061
   88  5  5169
   88  6  4989
   88  7  5160
   88  8  5288
   88  9  5158
   88 10  4716
   88 11  4474
   88 12  4657
   89  1  4707
   89  2  4651
   89  3  5293
   89  4  5300
   89  5  5578
   89  6  5237
   89  7  5486
   89  8  5423
   89  9  5275
   89 10  4846
   89 11  4721
   89 12  4834
   90  1  4930
   90  2  4800
   90  3  5488
   90  4  5426
   90  5  5545
   90  6  5354
   90  7  5878
   90  8  5552
   90  9  5509
   90 10  5380
   90 11  4771
   90 12  4800
   91  1  5146
   91  2  4914
   91  3  5444
   91  4  5641
   91  5  5768
   91  6  5488
   91  7  5818
   91  8  5620
   91  9  5388
   91 10  5130
   91 11  4955
   91 12  5046
   92  1  5244
   92  2  5358
   92  3  5851
   92  4  5739
   92  5  5725
   92  6  5949
   92  7  6156
   92  8  5937
   92  9  5803
   92 10  5614
   92 11  5107
   92 12  5243
   93  1  5539
   93  2  5165
   93  3  5940
   93  4  5783
   93  5  5690
   93  6  5842
   93  7  6110
   93  8  5893
   93  9  5828
   93 10  5414
   93 11  4962
   93 12  5203


